  4627.54   4588.78   4550.01   4511.25   4472.48   4433.71   4394.95   4356.18   4317.42   4278.65   4239.88   4201.12   4162.35   4123.59   4084.82   4046.05   4007.29   3968.52   3929.76   3890.99   3852.22   3813.46   3774.69   3735.93   3697.16   3658.39   3642.95   3627.50   3612.05   3596.60   3581.15   3565.70   3550.25   3534.80   3519.35   3503.90   3488.45   3473.01   3457.56   3442.11   3426.66   3411.21   3395.76   3380.31   3364.86   3349.41   3333.96   3318.51   3303.07   3287.62   3272.17   3287.62   3303.07   3318.51   3333.96   3349.41   3364.86   3380.31   3395.76   3411.21   3426.66   3442.11   3457.56   3473.01   3488.45   3503.90   3519.35   3534.80   3550.25   3565.70   3581.15   3596.60   3612.05   3627.50   3642.95   3658.39   3697.16   3735.93   3774.69   3813.46   3852.22   3890.99   3929.76   3968.52   4007.29   4046.05   4084.82   4123.59   4162.35   4201.12   4239.88   4278.65   4317.42   4356.18   4394.95   4433.71   4472.48   4511.25   4550.01   4588.78 
  4588.78   4534.99   4496.23   4457.46   4418.69   4379.93   4341.16   4302.40   4263.63   4224.87   4186.10   4147.33   4108.57   4069.80   4031.04   3992.27   3953.50   3914.74   3875.97   3837.21   3798.44   3759.67   3720.91   3682.14   3643.38   3604.61   3577.50   3562.05   3546.60   3531.15   3515.71   3500.26   3484.81   3469.36   3453.91   3438.46   3423.01   3407.56   3392.11   3376.66   3361.21   3345.77   3330.32   3314.87   3299.42   3283.97   3268.52   3253.07   3237.62   3222.17   3206.72   3222.17   3237.62   3253.07   3268.52   3283.97   3299.42   3314.87   3330.32   3345.77   3361.21   3376.66   3392.11   3407.56   3423.01   3438.46   3453.91   3469.36   3484.81   3500.26   3515.71   3531.15   3546.60   3562.05   3577.50   3604.61   3643.38   3682.14   3720.91   3759.67   3798.44   3837.21   3875.97   3914.74   3953.50   3992.27   4031.04   4069.80   4108.57   4147.33   4186.10   4224.87   4263.63   4302.40   4341.16   4379.93   4418.69   4457.46   4496.23   4534.99 
  4550.01   4496.23   4442.44   4403.68   4364.91   4326.14   4287.38   4248.61   4209.85   4171.08   4132.31   4093.55   4054.78   4016.02   3977.25   3938.48   3899.72   3860.95   3822.19   3783.42   3744.65   3705.89   3667.12   3628.36   3589.59   3550.82   3512.06   3496.61   3481.16   3465.71   3450.26   3434.81   3419.36   3403.92   3388.47   3373.02   3357.57   3342.12   3326.67   3311.22   3295.77   3280.32   3264.87   3249.42   3233.98   3218.53   3203.08   3187.63   3172.18   3156.73   3141.28   3156.73   3172.18   3187.63   3203.08   3218.53   3233.98   3249.42   3264.87   3280.32   3295.77   3311.22   3326.67   3342.12   3357.57   3373.02   3388.47   3403.92   3419.36   3434.81   3450.26   3465.71   3481.16   3496.61   3512.06   3550.82   3589.59   3628.36   3667.12   3705.89   3744.65   3783.42   3822.19   3860.95   3899.72   3938.48   3977.25   4016.02   4054.78   4093.55   4132.31   4171.08   4209.85   4248.61   4287.38   4326.14   4364.91   4403.68   4442.44   4496.23 
  4511.25   4457.46   4403.68   4349.89   4311.13   4272.36   4233.59   4194.83   4156.06   4117.30   4078.53   4039.76   4001.00   3962.23   3923.47   3884.70   3845.93   3807.17   3768.40   3729.64   3690.87   3652.10   3613.34   3574.57   3535.81   3497.04   3458.27   3431.17   3415.72   3400.27   3384.82   3369.37   3353.92   3338.47   3323.02   3307.57   3292.12   3276.68   3261.23   3245.78   3230.33   3214.88   3199.43   3183.98   3168.53   3153.08   3137.63   3122.18   3106.74   3091.29   3075.84   3091.29   3106.74   3122.18   3137.63   3153.08   3168.53   3183.98   3199.43   3214.88   3230.33   3245.78   3261.23   3276.68   3292.12   3307.57   3323.02   3338.47   3353.92   3369.37   3384.82   3400.27   3415.72   3431.17   3458.27   3497.04   3535.81   3574.57   3613.34   3652.10   3690.87   3729.64   3768.40   3807.17   3845.93   3884.70   3923.47   3962.23   4001.00   4039.76   4078.53   4117.30   4156.06   4194.83   4233.59   4272.36   4311.13   4349.89   4403.68   4457.46 
  4472.48   4418.69   4364.91   4311.13   4257.34   4218.57   4179.81   4141.04   4102.28   4063.51   4024.74   3985.98   3947.21   3908.45   3869.68   3830.91   3792.15   3753.38   3714.62   3675.85   3637.08   3598.32   3559.55   3520.79   3482.02   3443.25   3404.49   3365.72   3350.27   3334.82   3319.38   3303.93   3288.48   3273.03   3257.58   3242.13   3226.68   3211.23   3195.78   3180.33   3164.88   3149.44   3133.99   3118.54   3103.09   3087.64   3072.19   3056.74   3041.29   3025.84   3010.39   3025.84   3041.29   3056.74   3072.19   3087.64   3103.09   3118.54   3133.99   3149.44   3164.88   3180.33   3195.78   3211.23   3226.68   3242.13   3257.58   3273.03   3288.48   3303.93   3319.38   3334.82   3350.27   3365.72   3404.49   3443.25   3482.02   3520.79   3559.55   3598.32   3637.08   3675.85   3714.62   3753.38   3792.15   3830.91   3869.68   3908.45   3947.21   3985.98   4024.74   4063.51   4102.28   4141.04   4179.81   4218.57   4257.34   4311.13   4364.91   4418.69 
  4433.71   4379.93   4326.14   4272.36   4218.57   4164.79   4126.02   4087.26   4048.49   4009.73   3970.96   3932.19   3893.43   3854.66   3815.90   3777.13   3738.36   3699.60   3660.83   3622.07   3583.30   3544.53   3505.77   3467.00   3428.24   3389.47   3350.70   3311.94   3284.83   3269.38   3253.93   3238.48   3223.03   3207.59   3192.14   3176.69   3161.24   3145.79   3130.34   3114.89   3099.44   3083.99   3068.54   3053.09   3037.65   3022.20   3006.75   2991.30   2975.85   2960.40   2944.95   2960.40   2975.85   2991.30   3006.75   3022.20   3037.65   3053.09   3068.54   3083.99   3099.44   3114.89   3130.34   3145.79   3161.24   3176.69   3192.14   3207.59   3223.03   3238.48   3253.93   3269.38   3284.83   3311.94   3350.70   3389.47   3428.24   3467.00   3505.77   3544.53   3583.30   3622.07   3660.83   3699.60   3738.36   3777.13   3815.90   3854.66   3893.43   3932.19   3970.96   4009.73   4048.49   4087.26   4126.02   4164.79   4218.57   4272.36   4326.14   4379.93 
  4394.95   4341.16   4287.38   4233.59   4179.81   4126.02   4072.24   4033.47   3994.71   3955.94   3917.17   3878.41   3839.64   3800.88   3762.11   3723.34   3684.58   3645.81   3607.05   3568.28   3529.51   3490.75   3451.98   3413.22   3374.45   3335.69   3296.92   3258.15   3219.39   3203.94   3188.49   3173.04   3157.59   3142.14   3126.69   3111.24   3095.79   3080.35   3064.90   3049.45   3034.00   3018.55   3003.10   2987.65   2972.20   2956.75   2941.30   2925.85   2910.41   2894.96   2879.51   2894.96   2910.41   2925.85   2941.30   2956.75   2972.20   2987.65   3003.10   3018.55   3034.00   3049.45   3064.90   3080.35   3095.79   3111.24   3126.69   3142.14   3157.59   3173.04   3188.49   3203.94   3219.39   3258.15   3296.92   3335.69   3374.45   3413.22   3451.98   3490.75   3529.51   3568.28   3607.05   3645.81   3684.58   3723.34   3762.11   3800.88   3839.64   3878.41   3917.17   3955.94   3994.71   4033.47   4072.24   4126.02   4179.81   4233.59   4287.38   4341.16 
  4356.18   4302.40   4248.61   4194.83   4141.04   4087.26   4033.47   3979.69   3940.92   3902.16   3863.39   3824.62   3785.86   3747.09   3708.33   3669.56   3630.79   3592.03   3553.26   3514.50   3475.73   3436.96   3398.20   3359.43   3320.67   3281.90   3243.13   3204.37   3165.60   3138.49   3123.05   3107.60   3092.15   3076.70   3061.25   3045.80   3030.35   3014.90   2999.45   2984.00   2968.55   2953.11   2937.66   2922.21   2906.76   2891.31   2875.86   2860.41   2844.96   2829.51   2814.06   2829.51   2844.96   2860.41   2875.86   2891.31   2906.76   2922.21   2937.66   2953.11   2968.55   2984.00   2999.45   3014.90   3030.35   3045.80   3061.25   3076.70   3092.15   3107.60   3123.05   3138.49   3165.60   3204.37   3243.13   3281.90   3320.67   3359.43   3398.20   3436.96   3475.73   3514.50   3553.26   3592.03   3630.79   3669.56   3708.33   3747.09   3785.86   3824.62   3863.39   3902.16   3940.92   3979.69   4033.47   4087.26   4141.04   4194.83   4248.61   4302.40 
  4317.42   4263.63   4209.85   4156.06   4102.28   4048.49   3994.71   3940.92   3887.14   3848.37   3809.60   3770.84   3732.07   3693.31   3654.54   3615.77   3577.01   3538.24   3499.48   3460.71   3421.95   3383.18   3344.41   3305.65   3266.88   3228.12   3189.35   3150.58   3111.82   3073.05   3057.60   3042.15   3026.70   3011.26   2995.81   2980.36   2964.91   2949.46   2934.01   2918.56   2903.11   2887.66   2872.21   2856.76   2841.32   2825.87   2810.42   2794.97   2779.52   2764.07   2748.62   2764.07   2779.52   2794.97   2810.42   2825.87   2841.32   2856.76   2872.21   2887.66   2903.11   2918.56   2934.01   2949.46   2964.91   2980.36   2995.81   3011.26   3026.70   3042.15   3057.60   3073.05   3111.82   3150.58   3189.35   3228.12   3266.88   3305.65   3344.41   3383.18   3421.95   3460.71   3499.48   3538.24   3577.01   3615.77   3654.54   3693.31   3732.07   3770.84   3809.60   3848.37   3887.14   3940.92   3994.71   4048.49   4102.28   4156.06   4209.85   4263.63 
  4278.65   4224.87   4171.08   4117.30   4063.51   4009.73   3955.94   3902.16   3848.37   3794.59   3755.82   3717.05   3678.29   3639.52   3600.76   3561.99   3523.22   3484.46   3445.69   3406.93   3368.16   3329.39   3290.63   3251.86   3213.10   3174.33   3135.56   3096.80   3058.03   3019.27   2992.16   2976.71   2961.26   2945.81   2930.36   2914.91   2899.46   2884.02   2868.57   2853.12   2837.67   2822.22   2806.77   2791.32   2775.87   2760.42   2744.97   2729.52   2714.08   2698.63   2683.18   2698.63   2714.08   2729.52   2744.97   2760.42   2775.87   2791.32   2806.77   2822.22   2837.67   2853.12   2868.57   2884.02   2899.46   2914.91   2930.36   2945.81   2961.26   2976.71   2992.16   3019.27   3058.03   3096.80   3135.56   3174.33   3213.10   3251.86   3290.63   3329.39   3368.16   3406.93   3445.69   3484.46   3523.22   3561.99   3600.76   3639.52   3678.29   3717.05   3755.82   3794.59   3848.37   3902.16   3955.94   4009.73   4063.51   4117.30   4171.08   4224.87 
  4239.88   4186.10   4132.31   4078.53   4024.74   3970.96   3917.17   3863.39   3809.60   3755.82   3702.03   3663.27   3624.50   3585.74   3546.97   3508.21   3469.44   3430.67   3391.91   3353.14   3314.38   3275.61   3236.84   3198.08   3159.31   3120.55   3081.78   3043.01   3004.25   2965.48   2926.72   2911.27   2895.82   2880.37   2864.92   2849.47   2834.02   2818.57   2803.12   2787.67   2772.22   2756.78   2741.33   2725.88   2710.43   2694.98   2679.53   2664.08   2648.63   2633.18   2617.73   2633.18   2648.63   2664.08   2679.53   2694.98   2710.43   2725.88   2741.33   2756.78   2772.22   2787.67   2803.12   2818.57   2834.02   2849.47   2864.92   2880.37   2895.82   2911.27   2926.72   2965.48   3004.25   3043.01   3081.78   3120.55   3159.31   3198.08   3236.84   3275.61   3314.38   3353.14   3391.91   3430.67   3469.44   3508.21   3546.97   3585.74   3624.50   3663.27   3702.03   3755.82   3809.60   3863.39   3917.17   3970.96   4024.74   4078.53   4132.31   4186.10 
  4201.12   4147.33   4093.55   4039.76   3985.98   3932.19   3878.41   3824.62   3770.84   3717.05   3663.27   3609.48   3570.72   3531.95   3493.19   3454.42   3415.65   3376.89   3338.12   3299.36   3260.59   3221.82   3183.06   3144.29   3105.53   3066.76   3027.99   2989.23   2950.46   2911.70   2872.93   2845.82   2830.37   2814.93   2799.48   2784.03   2768.58   2753.13   2737.68   2722.23   2706.78   2691.33   2675.88   2660.43   2644.99   2629.54   2614.09   2598.64   2583.19   2567.74   2552.29   2567.74   2583.19   2598.64   2614.09   2629.54   2644.99   2660.43   2675.88   2691.33   2706.78   2722.23   2737.68   2753.13   2768.58   2784.03   2799.48   2814.93   2830.37   2845.82   2872.93   2911.70   2950.46   2989.23   3027.99   3066.76   3105.53   3144.29   3183.06   3221.82   3260.59   3299.36   3338.12   3376.89   3415.65   3454.42   3493.19   3531.95   3570.72   3609.48   3663.27   3717.05   3770.84   3824.62   3878.41   3932.19   3985.98   4039.76   4093.55   4147.33 
  4162.35   4108.57   4054.78   4001.00   3947.21   3893.43   3839.64   3785.86   3732.07   3678.29   3624.50   3570.72   3516.93   3478.17   3439.40   3400.64   3361.87   3323.10   3284.34   3245.57   3206.81   3168.04   3129.27   3090.51   3051.74   3012.98   2974.21   2935.44   2896.68   2857.91   2819.15   2780.38   2764.93   2749.48   2734.03   2718.58   2703.13   2687.69   2672.24   2656.79   2641.34   2625.89   2610.44   2594.99   2579.54   2564.09   2548.64   2533.19   2517.75   2502.30   2486.85   2502.30   2517.75   2533.19   2548.64   2564.09   2579.54   2594.99   2610.44   2625.89   2641.34   2656.79   2672.24   2687.69   2703.13   2718.58   2734.03   2749.48   2764.93   2780.38   2819.15   2857.91   2896.68   2935.44   2974.21   3012.98   3051.74   3090.51   3129.27   3168.04   3206.81   3245.57   3284.34   3323.10   3361.87   3400.64   3439.40   3478.17   3516.93   3570.72   3624.50   3678.29   3732.07   3785.86   3839.64   3893.43   3947.21   4001.00   4054.78   4108.57 
  4123.59   4069.80   4016.02   3962.23   3908.45   3854.66   3800.88   3747.09   3693.31   3639.52   3585.74   3531.95   3478.17   3424.38   3385.62   3346.85   3308.08   3269.32   3230.55   3191.79   3153.02   3114.25   3075.49   3036.72   2997.96   2959.19   2920.42   2881.66   2842.89   2804.13   2765.36   2726.59   2699.49   2684.04   2668.59   2653.14   2637.69   2622.24   2606.79   2591.34   2575.89   2560.45   2545.00   2529.55   2514.10   2498.65   2483.20   2467.75   2452.30   2436.85   2421.40   2436.85   2452.30   2467.75   2483.20   2498.65   2514.10   2529.55   2545.00   2560.45   2575.89   2591.34   2606.79   2622.24   2637.69   2653.14   2668.59   2684.04   2699.49   2726.59   2765.36   2804.13   2842.89   2881.66   2920.42   2959.19   2997.96   3036.72   3075.49   3114.25   3153.02   3191.79   3230.55   3269.32   3308.08   3346.85   3385.62   3424.38   3478.17   3531.95   3585.74   3639.52   3693.31   3747.09   3800.88   3854.66   3908.45   3962.23   4016.02   4069.80 
  4084.82   4031.04   3977.25   3923.47   3869.68   3815.90   3762.11   3708.33   3654.54   3600.76   3546.97   3493.19   3439.40   3385.62   3331.83   3293.07   3254.30   3215.53   3176.77   3138.00   3099.24   3060.47   3021.70   2982.94   2944.17   2905.41   2866.64   2827.87   2789.11   2750.34   2711.58   2672.81   2634.04   2618.59   2603.15   2587.70   2572.25   2556.80   2541.35   2525.90   2510.45   2495.00   2479.55   2464.10   2448.66   2433.21   2417.76   2402.31   2386.86   2371.41   2355.96   2371.41   2386.86   2402.31   2417.76   2433.21   2448.66   2464.10   2479.55   2495.00   2510.45   2525.90   2541.35   2556.80   2572.25   2587.70   2603.15   2618.59   2634.04   2672.81   2711.58   2750.34   2789.11   2827.87   2866.64   2905.41   2944.17   2982.94   3021.70   3060.47   3099.24   3138.00   3176.77   3215.53   3254.30   3293.07   3331.83   3385.62   3439.40   3493.19   3546.97   3600.76   3654.54   3708.33   3762.11   3815.90   3869.68   3923.47   3977.25   4031.04 
  4046.05   3992.27   3938.48   3884.70   3830.91   3777.13   3723.34   3669.56   3615.77   3561.99   3508.21   3454.42   3400.64   3346.85   3293.07   3239.28   3200.51   3161.75   3122.98   3084.22   3045.45   3006.68   2967.92   2929.15   2890.39   2851.62   2812.85   2774.09   2735.32   2696.56   2657.79   2619.03   2580.26   2553.15   2537.70   2522.25   2506.80   2491.36   2475.91   2460.46   2445.01   2429.56   2414.11   2398.66   2383.21   2367.76   2352.31   2336.86   2321.42   2305.97   2290.52   2305.97   2321.42   2336.86   2352.31   2367.76   2383.21   2398.66   2414.11   2429.56   2445.01   2460.46   2475.91   2491.36   2506.80   2522.25   2537.70   2553.15   2580.26   2619.03   2657.79   2696.56   2735.32   2774.09   2812.85   2851.62   2890.39   2929.15   2967.92   3006.68   3045.45   3084.22   3122.98   3161.75   3200.51   3239.28   3293.07   3346.85   3400.64   3454.42   3508.21   3561.99   3615.77   3669.56   3723.34   3777.13   3830.91   3884.70   3938.48   3992.27 
  4007.29   3953.50   3899.72   3845.93   3792.15   3738.36   3684.58   3630.79   3577.01   3523.22   3469.44   3415.65   3361.87   3308.08   3254.30   3200.51   3146.73   3107.96   3069.20   3030.43   2991.67   2952.90   2914.13   2875.37   2836.60   2797.84   2759.07   2720.30   2681.54   2642.77   2604.01   2565.24   2526.47   2487.71   2472.26   2456.81   2441.36   2425.91   2410.46   2395.01   2379.56   2364.12   2348.67   2333.22   2317.77   2302.32   2286.87   2271.42   2255.97   2240.52   2225.07   2240.52   2255.97   2271.42   2286.87   2302.32   2317.77   2333.22   2348.67   2364.12   2379.56   2395.01   2410.46   2425.91   2441.36   2456.81   2472.26   2487.71   2526.47   2565.24   2604.01   2642.77   2681.54   2720.30   2759.07   2797.84   2836.60   2875.37   2914.13   2952.90   2991.67   3030.43   3069.20   3107.96   3146.73   3200.51   3254.30   3308.08   3361.87   3415.65   3469.44   3523.22   3577.01   3630.79   3684.58   3738.36   3792.15   3845.93   3899.72   3953.50 
  3968.52   3914.74   3860.95   3807.17   3753.38   3699.60   3645.81   3592.03   3538.24   3484.46   3430.67   3376.89   3323.10   3269.32   3215.53   3161.75   3107.96   3054.18   3015.41   2976.65   2937.88   2899.11   2860.35   2821.58   2782.82   2744.05   2705.29   2666.52   2627.75   2588.99   2550.22   2511.46   2472.69   2433.92   2406.82   2391.37   2375.92   2360.47   2345.02   2329.57   2314.12   2298.67   2283.22   2267.77   2252.33   2236.88   2221.43   2205.98   2190.53   2175.08   2159.63   2175.08   2190.53   2205.98   2221.43   2236.88   2252.33   2267.77   2283.22   2298.67   2314.12   2329.57   2345.02   2360.47   2375.92   2391.37   2406.82   2433.92   2472.69   2511.46   2550.22   2588.99   2627.75   2666.52   2705.29   2744.05   2782.82   2821.58   2860.35   2899.11   2937.88   2976.65   3015.41   3054.18   3107.96   3161.75   3215.53   3269.32   3323.10   3376.89   3430.67   3484.46   3538.24   3592.03   3645.81   3699.60   3753.38   3807.17   3860.95   3914.74 
  3929.76   3875.97   3822.19   3768.40   3714.62   3660.83   3607.05   3553.26   3499.48   3445.69   3391.91   3338.12   3284.34   3230.55   3176.77   3122.98   3069.20   3015.41   2961.63   2922.86   2884.10   2845.33   2806.56   2767.80   2729.03   2690.27   2651.50   2612.73   2573.97   2535.20   2496.44   2457.67   2418.90   2380.14   2341.37   2325.92   2310.47   2295.03   2279.58   2264.13   2248.68   2233.23   2217.78   2202.33   2186.88   2171.43   2155.98   2140.53   2125.09   2109.64   2094.19   2109.64   2125.09   2140.53   2155.98   2171.43   2186.88   2202.33   2217.78   2233.23   2248.68   2264.13   2279.58   2295.03   2310.47   2325.92   2341.37   2380.14   2418.90   2457.67   2496.44   2535.20   2573.97   2612.73   2651.50   2690.27   2729.03   2767.80   2806.56   2845.33   2884.10   2922.86   2961.63   3015.41   3069.20   3122.98   3176.77   3230.55   3284.34   3338.12   3391.91   3445.69   3499.48   3553.26   3607.05   3660.83   3714.62   3768.40   3822.19   3875.97 
  3890.99   3837.21   3783.42   3729.64   3675.85   3622.07   3568.28   3514.50   3460.71   3406.93   3353.14   3299.36   3245.57   3191.79   3138.00   3084.22   3030.43   2976.65   2922.86   2869.08   2830.31   2791.55   2752.78   2714.01   2675.25   2636.48   2597.72   2558.95   2520.18   2481.42   2442.65   2403.89   2365.12   2326.35   2287.59   2260.48   2245.03   2229.58   2214.13   2198.68   2183.23   2167.79   2152.34   2136.89   2121.44   2105.99   2090.54   2075.09   2059.64   2044.19   2028.74   2044.19   2059.64   2075.09   2090.54   2105.99   2121.44   2136.89   2152.34   2167.79   2183.23   2198.68   2214.13   2229.58   2245.03   2260.48   2287.59   2326.35   2365.12   2403.89   2442.65   2481.42   2520.18   2558.95   2597.72   2636.48   2675.25   2714.01   2752.78   2791.55   2830.31   2869.08   2922.86   2976.65   3030.43   3084.22   3138.00   3191.79   3245.57   3299.36   3353.14   3406.93   3460.71   3514.50   3568.28   3622.07   3675.85   3729.64   3783.42   3837.21 
  3852.22   3798.44   3744.65   3690.87   3637.08   3583.30   3529.51   3475.73   3421.95   3368.16   3314.38   3260.59   3206.81   3153.02   3099.24   3045.45   2991.67   2937.88   2884.10   2830.31   2776.53   2737.76   2698.99   2660.23   2621.46   2582.70   2543.93   2505.16   2466.40   2427.63   2388.87   2350.10   2311.33   2272.57   2233.80   2195.04   2179.59   2164.14   2148.69   2133.24   2117.79   2102.34   2086.89   2071.44   2055.99   2040.55   2025.10   2009.65   1994.20   1978.75   1963.30   1978.75   1994.20   2009.65   2025.10   2040.55   2055.99   2071.44   2086.89   2102.34   2117.79   2133.24   2148.69   2164.14   2179.59   2195.04   2233.80   2272.57   2311.33   2350.10   2388.87   2427.63   2466.40   2505.16   2543.93   2582.70   2621.46   2660.23   2698.99   2737.76   2776.53   2830.31   2884.10   2937.88   2991.67   3045.45   3099.24   3153.02   3206.81   3260.59   3314.38   3368.16   3421.95   3475.73   3529.51   3583.30   3637.08   3690.87   3744.65   3798.44 
  3813.46   3759.67   3705.89   3652.10   3598.32   3544.53   3490.75   3436.96   3383.18   3329.39   3275.61   3221.82   3168.04   3114.25   3060.47   3006.68   2952.90   2899.11   2845.33   2791.55   2737.76   2683.98   2645.21   2606.44   2567.68   2528.91   2490.15   2451.38   2412.61   2373.85   2335.08   2296.32   2257.55   2218.78   2180.02   2141.25   2114.14   2098.70   2083.25   2067.80   2052.35   2036.90   2021.45   2006.00   1990.55   1975.10   1959.65   1944.20   1928.76   1913.31   1897.86   1913.31   1928.76   1944.20   1959.65   1975.10   1990.55   2006.00   2021.45   2036.90   2052.35   2067.80   2083.25   2098.70   2114.14   2141.25   2180.02   2218.78   2257.55   2296.32   2335.08   2373.85   2412.61   2451.38   2490.15   2528.91   2567.68   2606.44   2645.21   2683.98   2737.76   2791.55   2845.33   2899.11   2952.90   3006.68   3060.47   3114.25   3168.04   3221.82   3275.61   3329.39   3383.18   3436.96   3490.75   3544.53   3598.32   3652.10   3705.89   3759.67 
  3774.69   3720.91   3667.12   3613.34   3559.55   3505.77   3451.98   3398.20   3344.41   3290.63   3236.84   3183.06   3129.27   3075.49   3021.70   2967.92   2914.13   2860.35   2806.56   2752.78   2698.99   2645.21   2591.42   2552.66   2513.89   2475.13   2436.36   2397.59   2358.83   2320.06   2281.30   2242.53   2203.76   2165.00   2126.23   2087.47   2048.70   2033.25   2017.80   2002.35   1986.90   1971.46   1956.01   1940.56   1925.11   1909.66   1894.21   1878.76   1863.31   1847.86   1832.41   1847.86   1863.31   1878.76   1894.21   1909.66   1925.11   1940.56   1956.01   1971.46   1986.90   2002.35   2017.80   2033.25   2048.70   2087.47   2126.23   2165.00   2203.76   2242.53   2281.30   2320.06   2358.83   2397.59   2436.36   2475.13   2513.89   2552.66   2591.42   2645.21   2698.99   2752.78   2806.56   2860.35   2914.13   2967.92   3021.70   3075.49   3129.27   3183.06   3236.84   3290.63   3344.41   3398.20   3451.98   3505.77   3559.55   3613.34   3667.12   3720.91 
  3735.93   3682.14   3628.36   3574.57   3520.79   3467.00   3413.22   3359.43   3305.65   3251.86   3198.08   3144.29   3090.51   3036.72   2982.94   2929.15   2875.37   2821.58   2767.80   2714.01   2660.23   2606.44   2552.66   2498.87   2460.11   2421.34   2382.58   2343.81   2305.04   2266.28   2227.51   2188.75   2149.98   2111.21   2072.45   2033.68   1994.92   1967.81   1952.36   1936.91   1921.46   1906.01   1890.56   1875.11   1859.66   1844.22   1828.77   1813.32   1797.87   1782.42   1766.97   1782.42   1797.87   1813.32   1828.77   1844.22   1859.66   1875.11   1890.56   1906.01   1921.46   1936.91   1952.36   1967.81   1994.92   2033.68   2072.45   2111.21   2149.98   2188.75   2227.51   2266.28   2305.04   2343.81   2382.58   2421.34   2460.11   2498.87   2552.66   2606.44   2660.23   2714.01   2767.80   2821.58   2875.37   2929.15   2982.94   3036.72   3090.51   3144.29   3198.08   3251.86   3305.65   3359.43   3413.22   3467.00   3520.79   3574.57   3628.36   3682.14 
  3697.16   3643.38   3589.59   3535.81   3482.02   3428.24   3374.45   3320.67   3266.88   3213.10   3159.31   3105.53   3051.74   2997.96   2944.17   2890.39   2836.60   2782.82   2729.03   2675.25   2621.46   2567.68   2513.89   2460.11   2406.32   2367.56   2328.79   2290.02   2251.26   2212.49   2173.73   2134.96   2096.19   2057.43   2018.66   1979.90   1941.13   1902.37   1886.92   1871.47   1856.02   1840.57   1825.12   1809.67   1794.22   1778.77   1763.32   1747.87   1732.43   1716.98   1701.53   1716.98   1732.43   1747.87   1763.32   1778.77   1794.22   1809.67   1825.12   1840.57   1856.02   1871.47   1886.92   1902.37   1941.13   1979.90   2018.66   2057.43   2096.19   2134.96   2173.73   2212.49   2251.26   2290.02   2328.79   2367.56   2406.32   2460.11   2513.89   2567.68   2621.46   2675.25   2729.03   2782.82   2836.60   2890.39   2944.17   2997.96   3051.74   3105.53   3159.31   3213.10   3266.88   3320.67   3374.45   3428.24   3482.02   3535.81   3589.59   3643.38 
  3658.39   3604.61   3550.82   3497.04   3443.25   3389.47   3335.69   3281.90   3228.12   3174.33   3120.55   3066.76   3012.98   2959.19   2905.41   2851.62   2797.84   2744.05   2690.27   2636.48   2582.70   2528.91   2475.13   2421.34   2367.56   2313.77   2275.01   2236.24   2197.47   2158.71   2119.94   2081.18   2042.41   2003.64   1964.88   1926.11   1887.35   1848.58   1821.47   1806.02   1790.57   1775.13   1759.68   1744.23   1728.78   1713.33   1697.88   1682.43   1666.98   1651.53   1636.08   1651.53   1666.98   1682.43   1697.88   1713.33   1728.78   1744.23   1759.68   1775.13   1790.57   1806.02   1821.47   1848.58   1887.35   1926.11   1964.88   2003.64   2042.41   2081.18   2119.94   2158.71   2197.47   2236.24   2275.01   2313.77   2367.56   2421.34   2475.13   2528.91   2582.70   2636.48   2690.27   2744.05   2797.84   2851.62   2905.41   2959.19   3012.98   3066.76   3120.55   3174.33   3228.12   3281.90   3335.69   3389.47   3443.25   3497.04   3550.82   3604.61 
  3642.95   3577.50   3512.06   3458.27   3404.49   3350.70   3296.92   3243.13   3189.35   3135.56   3081.78   3027.99   2974.21   2920.42   2866.64   2812.85   2759.07   2705.29   2651.50   2597.72   2543.93   2490.15   2436.36   2382.58   2328.79   2275.01   2221.22   2182.45   2143.69   2104.92   2066.16   2027.39   1988.63   1949.86   1911.09   1872.33   1833.56   1794.80   1756.03   1740.58   1725.13   1709.68   1694.23   1678.78   1663.33   1647.89   1632.44   1616.99   1601.54   1586.09   1570.64   1586.09   1601.54   1616.99   1632.44   1647.89   1663.33   1678.78   1694.23   1709.68   1725.13   1740.58   1756.03   1794.80   1833.56   1872.33   1911.09   1949.86   1988.63   2027.39   2066.16   2104.92   2143.69   2182.45   2221.22   2275.01   2328.79   2382.58   2436.36   2490.15   2543.93   2597.72   2651.50   2705.29   2759.07   2812.85   2866.64   2920.42   2974.21   3027.99   3081.78   3135.56   3189.35   3243.13   3296.92   3350.70   3404.49   3458.27   3512.06   3577.50 
  3627.50   3562.05   3496.61   3431.17   3365.72   3311.94   3258.15   3204.37   3150.58   3096.80   3043.01   2989.23   2935.44   2881.66   2827.87   2774.09   2720.30   2666.52   2612.73   2558.95   2505.16   2451.38   2397.59   2343.81   2290.02   2236.24   2182.45   2128.67   2089.90   2051.14   2012.37   1973.61   1934.84   1896.07   1857.31   1818.54   1779.78   1741.01   1702.24   1675.14   1659.69   1644.24   1628.79   1613.34   1597.89   1582.44   1566.99   1551.54   1536.10   1520.65   1505.20   1520.65   1536.10   1551.54   1566.99   1582.44   1597.89   1613.34   1628.79   1644.24   1659.69   1675.14   1702.24   1741.01   1779.78   1818.54   1857.31   1896.07   1934.84   1973.61   2012.37   2051.14   2089.90   2128.67   2182.45   2236.24   2290.02   2343.81   2397.59   2451.38   2505.16   2558.95   2612.73   2666.52   2720.30   2774.09   2827.87   2881.66   2935.44   2989.23   3043.01   3096.80   3150.58   3204.37   3258.15   3311.94   3365.72   3431.17   3496.61   3562.05 
  3612.05   3546.60   3481.16   3415.72   3350.27   3284.83   3219.39   3165.60   3111.82   3058.03   3004.25   2950.46   2896.68   2842.89   2789.11   2735.32   2681.54   2627.75   2573.97   2520.18   2466.40   2412.61   2358.83   2305.04   2251.26   2197.47   2143.69   2089.90   2036.12   1997.35   1958.59   1919.82   1881.06   1842.29   1803.52   1764.76   1725.99   1687.23   1648.46   1609.69   1594.24   1578.80   1563.35   1547.90   1532.45   1517.00   1501.55   1486.10   1470.65   1455.20   1439.75   1455.20   1470.65   1486.10   1501.55   1517.00   1532.45   1547.90   1563.35   1578.80   1594.24   1609.69   1648.46   1687.23   1725.99   1764.76   1803.52   1842.29   1881.06   1919.82   1958.59   1997.35   2036.12   2089.90   2143.69   2197.47   2251.26   2305.04   2358.83   2412.61   2466.40   2520.18   2573.97   2627.75   2681.54   2735.32   2789.11   2842.89   2896.68   2950.46   3004.25   3058.03   3111.82   3165.60   3219.39   3284.83   3350.27   3415.72   3481.16   3546.60 
  3596.60   3531.15   3465.71   3400.27   3334.82   3269.38   3203.94   3138.49   3073.05   3019.27   2965.48   2911.70   2857.91   2804.13   2750.34   2696.56   2642.77   2588.99   2535.20   2481.42   2427.63   2373.85   2320.06   2266.28   2212.49   2158.71   2104.92   2051.14   1997.35   1943.57   1904.80   1866.04   1827.27   1788.50   1749.74   1710.97   1672.21   1633.44   1594.67   1555.91   1528.80   1513.35   1497.90   1482.45   1467.00   1451.56   1436.11   1420.66   1405.21   1389.76   1374.31   1389.76   1405.21   1420.66   1436.11   1451.56   1467.00   1482.45   1497.90   1513.35   1528.80   1555.91   1594.67   1633.44   1672.21   1710.97   1749.74   1788.50   1827.27   1866.04   1904.80   1943.57   1997.35   2051.14   2104.92   2158.71   2212.49   2266.28   2320.06   2373.85   2427.63   2481.42   2535.20   2588.99   2642.77   2696.56   2750.34   2804.13   2857.91   2911.70   2965.48   3019.27   3073.05   3138.49   3203.94   3269.38   3334.82   3400.27   3465.71   3531.15 
  3581.15   3515.71   3450.26   3384.82   3319.38   3253.93   3188.49   3123.05   3057.60   2992.16   2926.72   2872.93   2819.15   2765.36   2711.58   2657.79   2604.01   2550.22   2496.44   2442.65   2388.87   2335.08   2281.30   2227.51   2173.73   2119.94   2066.16   2012.37   1958.59   1904.80   1851.02   1812.25   1773.49   1734.72   1695.95   1657.19   1618.42   1579.66   1540.89   1502.12   1463.36   1447.91   1432.46   1417.01   1401.56   1386.11   1370.66   1355.21   1339.77   1324.32   1308.87   1324.32   1339.77   1355.21   1370.66   1386.11   1401.56   1417.01   1432.46   1447.91   1463.36   1502.12   1540.89   1579.66   1618.42   1657.19   1695.95   1734.72   1773.49   1812.25   1851.02   1904.80   1958.59   2012.37   2066.16   2119.94   2173.73   2227.51   2281.30   2335.08   2388.87   2442.65   2496.44   2550.22   2604.01   2657.79   2711.58   2765.36   2819.15   2872.93   2926.72   2992.16   3057.60   3123.05   3188.49   3253.93   3319.38   3384.82   3450.26   3515.71 
  3565.70   3500.26   3434.81   3369.37   3303.93   3238.48   3173.04   3107.60   3042.15   2976.71   2911.27   2845.82   2780.38   2726.59   2672.81   2619.03   2565.24   2511.46   2457.67   2403.89   2350.10   2296.32   2242.53   2188.75   2134.96   2081.18   2027.39   1973.61   1919.82   1866.04   1812.25   1758.47   1719.70   1680.93   1642.17   1603.40   1564.64   1525.87   1487.10   1448.34   1409.57   1382.47   1367.02   1351.57   1336.12   1320.67   1305.22   1289.77   1274.32   1258.87   1243.42   1258.87   1274.32   1289.77   1305.22   1320.67   1336.12   1351.57   1367.02   1382.47   1409.57   1448.34   1487.10   1525.87   1564.64   1603.40   1642.17   1680.93   1719.70   1758.47   1812.25   1866.04   1919.82   1973.61   2027.39   2081.18   2134.96   2188.75   2242.53   2296.32   2350.10   2403.89   2457.67   2511.46   2565.24   2619.03   2672.81   2726.59   2780.38   2845.82   2911.27   2976.71   3042.15   3107.60   3173.04   3238.48   3303.93   3369.37   3434.81   3500.26 
  3550.25   3484.81   3419.36   3353.92   3288.48   3223.03   3157.59   3092.15   3026.70   2961.26   2895.82   2830.37   2764.93   2699.49   2634.04   2580.26   2526.47   2472.69   2418.90   2365.12   2311.33   2257.55   2203.76   2149.98   2096.19   2042.41   1988.63   1934.84   1881.06   1827.27   1773.49   1719.70   1665.92   1627.15   1588.38   1549.62   1510.85   1472.09   1433.32   1394.55   1355.79   1317.02   1301.57   1286.12   1270.67   1255.23   1239.78   1224.33   1208.88   1193.43   1177.98   1193.43   1208.88   1224.33   1239.78   1255.23   1270.67   1286.12   1301.57   1317.02   1355.79   1394.55   1433.32   1472.09   1510.85   1549.62   1588.38   1627.15   1665.92   1719.70   1773.49   1827.27   1881.06   1934.84   1988.63   2042.41   2096.19   2149.98   2203.76   2257.55   2311.33   2365.12   2418.90   2472.69   2526.47   2580.26   2634.04   2699.49   2764.93   2830.37   2895.82   2961.26   3026.70   3092.15   3157.59   3223.03   3288.48   3353.92   3419.36   3484.81 
  3534.80   3469.36   3403.92   3338.47   3273.03   3207.59   3142.14   3076.70   3011.26   2945.81   2880.37   2814.93   2749.48   2684.04   2618.59   2553.15   2487.71   2433.92   2380.14   2326.35   2272.57   2218.78   2165.00   2111.21   2057.43   2003.64   1949.86   1896.07   1842.29   1788.50   1734.72   1680.93   1627.15   1573.36   1534.60   1495.83   1457.07   1418.30   1379.54   1340.77   1302.00   1263.24   1236.13   1220.68   1205.23   1189.78   1174.33   1158.88   1143.44   1127.99   1112.54   1127.99   1143.44   1158.88   1174.33   1189.78   1205.23   1220.68   1236.13   1263.24   1302.00   1340.77   1379.54   1418.30   1457.07   1495.83   1534.60   1573.36   1627.15   1680.93   1734.72   1788.50   1842.29   1896.07   1949.86   2003.64   2057.43   2111.21   2165.00   2218.78   2272.57   2326.35   2380.14   2433.92   2487.71   2553.15   2618.59   2684.04   2749.48   2814.93   2880.37   2945.81   3011.26   3076.70   3142.14   3207.59   3273.03   3338.47   3403.92   3469.36 
  3519.35   3453.91   3388.47   3323.02   3257.58   3192.14   3126.69   3061.25   2995.81   2930.36   2864.92   2799.48   2734.03   2668.59   2603.15   2537.70   2472.26   2406.82   2341.37   2287.59   2233.80   2180.02   2126.23   2072.45   2018.66   1964.88   1911.09   1857.31   1803.52   1749.74   1695.95   1642.17   1588.38   1534.60   1480.81   1442.05   1403.28   1364.52   1325.75   1286.98   1248.22   1209.45   1170.69   1155.24   1139.79   1124.34   1108.89   1093.44   1077.99   1062.54   1047.09   1062.54   1077.99   1093.44   1108.89   1124.34   1139.79   1155.24   1170.69   1209.45   1248.22   1286.98   1325.75   1364.52   1403.28   1442.05   1480.81   1534.60   1588.38   1642.17   1695.95   1749.74   1803.52   1857.31   1911.09   1964.88   2018.66   2072.45   2126.23   2180.02   2233.80   2287.59   2341.37   2406.82   2472.26   2537.70   2603.15   2668.59   2734.03   2799.48   2864.92   2930.36   2995.81   3061.25   3126.69   3192.14   3257.58   3323.02   3388.47   3453.91 
  3503.90   3438.46   3373.02   3307.57   3242.13   3176.69   3111.24   3045.80   2980.36   2914.91   2849.47   2784.03   2718.58   2653.14   2587.70   2522.25   2456.81   2391.37   2325.92   2260.48   2195.04   2141.25   2087.47   2033.68   1979.90   1926.11   1872.33   1818.54   1764.76   1710.97   1657.19   1603.40   1549.62   1495.83   1442.05   1388.26   1349.50   1310.73   1271.97   1233.20   1194.43   1155.67   1116.90   1089.79   1074.34   1058.90   1043.45   1028.00   1012.55   997.10   981.65   997.10   1012.55   1028.00   1043.45   1058.90   1074.34   1089.79   1116.90   1155.67   1194.43   1233.20   1271.97   1310.73   1349.50   1388.26   1442.05   1495.83   1549.62   1603.40   1657.19   1710.97   1764.76   1818.54   1872.33   1926.11   1979.90   2033.68   2087.47   2141.25   2195.04   2260.48   2325.92   2391.37   2456.81   2522.25   2587.70   2653.14   2718.58   2784.03   2849.47   2914.91   2980.36   3045.80   3111.24   3176.69   3242.13   3307.57   3373.02   3438.46 
  3488.45   3423.01   3357.57   3292.12   3226.68   3161.24   3095.79   3030.35   2964.91   2899.46   2834.02   2768.58   2703.13   2637.69   2572.25   2506.80   2441.36   2375.92   2310.47   2245.03   2179.59   2114.14   2048.70   1994.92   1941.13   1887.35   1833.56   1779.78   1725.99   1672.21   1618.42   1564.64   1510.85   1457.07   1403.28   1349.50   1295.71   1256.95   1218.18   1179.41   1140.65   1101.88   1063.12   1024.35   1008.90   993.45   978.00   962.55   947.11   931.66   916.21   931.66   947.11   962.55   978.00   993.45   1008.90   1024.35   1063.12   1101.88   1140.65   1179.41   1218.18   1256.95   1295.71   1349.50   1403.28   1457.07   1510.85   1564.64   1618.42   1672.21   1725.99   1779.78   1833.56   1887.35   1941.13   1994.92   2048.70   2114.14   2179.59   2245.03   2310.47   2375.92   2441.36   2506.80   2572.25   2637.69   2703.13   2768.58   2834.02   2899.46   2964.91   3030.35   3095.79   3161.24   3226.68   3292.12   3357.57   3423.01 
  3473.01   3407.56   3342.12   3276.68   3211.23   3145.79   3080.35   3014.90   2949.46   2884.02   2818.57   2753.13   2687.69   2622.24   2556.80   2491.36   2425.91   2360.47   2295.03   2229.58   2164.14   2098.70   2033.25   1967.81   1902.37   1848.58   1794.80   1741.01   1687.23   1633.44   1579.66   1525.87   1472.09   1418.30   1364.52   1310.73   1256.95   1203.16   1164.40   1125.63   1086.86   1048.10   1009.33   970.57   943.46   928.01   912.56   897.11   881.66   866.21   850.76   866.21   881.66   897.11   912.56   928.01   943.46   970.57   1009.33   1048.10   1086.86   1125.63   1164.40   1203.16   1256.95   1310.73   1364.52   1418.30   1472.09   1525.87   1579.66   1633.44   1687.23   1741.01   1794.80   1848.58   1902.37   1967.81   2033.25   2098.70   2164.14   2229.58   2295.03   2360.47   2425.91   2491.36   2556.80   2622.24   2687.69   2753.13   2818.57   2884.02   2949.46   3014.90   3080.35   3145.79   3211.23   3276.68   3342.12   3407.56 
  3457.56   3392.11   3326.67   3261.23   3195.78   3130.34   3064.90   2999.45   2934.01   2868.57   2803.12   2737.68   2672.24   2606.79   2541.35   2475.91   2410.46   2345.02   2279.58   2214.13   2148.69   2083.25   2017.80   1952.36   1886.92   1821.47   1756.03   1702.24   1648.46   1594.67   1540.89   1487.10   1433.32   1379.54   1325.75   1271.97   1218.18   1164.40   1110.61   1071.84   1033.08   994.31   955.55   916.78   878.01   862.57   847.12   831.67   816.22   800.77   785.32   800.77   816.22   831.67   847.12   862.57   878.01   916.78   955.55   994.31   1033.08   1071.84   1110.61   1164.40   1218.18   1271.97   1325.75   1379.54   1433.32   1487.10   1540.89   1594.67   1648.46   1702.24   1756.03   1821.47   1886.92   1952.36   2017.80   2083.25   2148.69   2214.13   2279.58   2345.02   2410.46   2475.91   2541.35   2606.79   2672.24   2737.68   2803.12   2868.57   2934.01   2999.45   3064.90   3130.34   3195.78   3261.23   3326.67   3392.11 
  3442.11   3376.66   3311.22   3245.78   3180.33   3114.89   3049.45   2984.00   2918.56   2853.12   2787.67   2722.23   2656.79   2591.34   2525.90   2460.46   2395.01   2329.57   2264.13   2198.68   2133.24   2067.80   2002.35   1936.91   1871.47   1806.02   1740.58   1675.14   1609.69   1555.91   1502.12   1448.34   1394.55   1340.77   1286.98   1233.20   1179.41   1125.63   1071.84   1018.06   979.29   940.53   901.76   863.00   824.23   797.12   781.67   766.22   750.78   735.33   719.88   735.33   750.78   766.22   781.67   797.12   824.23   863.00   901.76   940.53   979.29   1018.06   1071.84   1125.63   1179.41   1233.20   1286.98   1340.77   1394.55   1448.34   1502.12   1555.91   1609.69   1675.14   1740.58   1806.02   1871.47   1936.91   2002.35   2067.80   2133.24   2198.68   2264.13   2329.57   2395.01   2460.46   2525.90   2591.34   2656.79   2722.23   2787.67   2853.12   2918.56   2984.00   3049.45   3114.89   3180.33   3245.78   3311.22   3376.66 
