  4627.54   4550.01   4472.48   4394.95   4317.42   4239.88   4162.35   4084.82   4007.29   3929.76   3852.22   3774.69   3697.16   3642.95   3612.05   3581.15   3550.25   3519.35   3488.45   3457.56   3426.66   3395.76   3364.86   3333.96   3303.07   3272.17   3303.07   3333.96   3364.86   3395.76   3426.66   3457.56   3488.45   3519.35   3550.25   3581.15   3612.05   3642.95   3697.16   3774.69   3852.22   3929.76   4007.29   4084.82   4162.35   4239.88   4317.42   4394.95   4472.48   4550.01 
  4550.01   4442.44   4364.91   4287.38   4209.85   4132.31   4054.78   3977.25   3899.72   3822.19   3744.65   3667.12   3589.59   3512.06   3481.16   3450.26   3419.36   3388.47   3357.57   3326.67   3295.77   3264.87   3233.98   3203.08   3172.18   3141.28   3172.18   3203.08   3233.98   3264.87   3295.77   3326.67   3357.57   3388.47   3419.36   3450.26   3481.16   3512.06   3589.59   3667.12   3744.65   3822.19   3899.72   3977.25   4054.78   4132.31   4209.85   4287.38   4364.91   4442.44 
  4472.48   4364.91   4257.34   4179.81   4102.28   4024.74   3947.21   3869.68   3792.15   3714.62   3637.08   3559.55   3482.02   3404.49   3350.27   3319.38   3288.48   3257.58   3226.68   3195.78   3164.88   3133.99   3103.09   3072.19   3041.29   3010.39   3041.29   3072.19   3103.09   3133.99   3164.88   3195.78   3226.68   3257.58   3288.48   3319.38   3350.27   3404.49   3482.02   3559.55   3637.08   3714.62   3792.15   3869.68   3947.21   4024.74   4102.28   4179.81   4257.34   4364.91 
  4394.95   4287.38   4179.81   4072.24   3994.71   3917.17   3839.64   3762.11   3684.58   3607.05   3529.51   3451.98   3374.45   3296.92   3219.39   3188.49   3157.59   3126.69   3095.79   3064.90   3034.00   3003.10   2972.20   2941.30   2910.41   2879.51   2910.41   2941.30   2972.20   3003.10   3034.00   3064.90   3095.79   3126.69   3157.59   3188.49   3219.39   3296.92   3374.45   3451.98   3529.51   3607.05   3684.58   3762.11   3839.64   3917.17   3994.71   4072.24   4179.81   4287.38 
  4317.42   4209.85   4102.28   3994.71   3887.14   3809.60   3732.07   3654.54   3577.01   3499.48   3421.95   3344.41   3266.88   3189.35   3111.82   3057.60   3026.70   2995.81   2964.91   2934.01   2903.11   2872.21   2841.32   2810.42   2779.52   2748.62   2779.52   2810.42   2841.32   2872.21   2903.11   2934.01   2964.91   2995.81   3026.70   3057.60   3111.82   3189.35   3266.88   3344.41   3421.95   3499.48   3577.01   3654.54   3732.07   3809.60   3887.14   3994.71   4102.28   4209.85 
  4239.88   4132.31   4024.74   3917.17   3809.60   3702.03   3624.50   3546.97   3469.44   3391.91   3314.38   3236.84   3159.31   3081.78   3004.25   2926.72   2895.82   2864.92   2834.02   2803.12   2772.22   2741.33   2710.43   2679.53   2648.63   2617.73   2648.63   2679.53   2710.43   2741.33   2772.22   2803.12   2834.02   2864.92   2895.82   2926.72   3004.25   3081.78   3159.31   3236.84   3314.38   3391.91   3469.44   3546.97   3624.50   3702.03   3809.60   3917.17   4024.74   4132.31 
  4162.35   4054.78   3947.21   3839.64   3732.07   3624.50   3516.93   3439.40   3361.87   3284.34   3206.81   3129.27   3051.74   2974.21   2896.68   2819.15   2764.93   2734.03   2703.13   2672.24   2641.34   2610.44   2579.54   2548.64   2517.75   2486.85   2517.75   2548.64   2579.54   2610.44   2641.34   2672.24   2703.13   2734.03   2764.93   2819.15   2896.68   2974.21   3051.74   3129.27   3206.81   3284.34   3361.87   3439.40   3516.93   3624.50   3732.07   3839.64   3947.21   4054.78 
  4084.82   3977.25   3869.68   3762.11   3654.54   3546.97   3439.40   3331.83   3254.30   3176.77   3099.24   3021.70   2944.17   2866.64   2789.11   2711.58   2634.04   2603.15   2572.25   2541.35   2510.45   2479.55   2448.66   2417.76   2386.86   2355.96   2386.86   2417.76   2448.66   2479.55   2510.45   2541.35   2572.25   2603.15   2634.04   2711.58   2789.11   2866.64   2944.17   3021.70   3099.24   3176.77   3254.30   3331.83   3439.40   3546.97   3654.54   3762.11   3869.68   3977.25 
  4007.29   3899.72   3792.15   3684.58   3577.01   3469.44   3361.87   3254.30   3146.73   3069.20   2991.67   2914.13   2836.60   2759.07   2681.54   2604.01   2526.47   2472.26   2441.36   2410.46   2379.56   2348.67   2317.77   2286.87   2255.97   2225.07   2255.97   2286.87   2317.77   2348.67   2379.56   2410.46   2441.36   2472.26   2526.47   2604.01   2681.54   2759.07   2836.60   2914.13   2991.67   3069.20   3146.73   3254.30   3361.87   3469.44   3577.01   3684.58   3792.15   3899.72 
  3929.76   3822.19   3714.62   3607.05   3499.48   3391.91   3284.34   3176.77   3069.20   2961.63   2884.10   2806.56   2729.03   2651.50   2573.97   2496.44   2418.90   2341.37   2310.47   2279.58   2248.68   2217.78   2186.88   2155.98   2125.09   2094.19   2125.09   2155.98   2186.88   2217.78   2248.68   2279.58   2310.47   2341.37   2418.90   2496.44   2573.97   2651.50   2729.03   2806.56   2884.10   2961.63   3069.20   3176.77   3284.34   3391.91   3499.48   3607.05   3714.62   3822.19 
  3852.22   3744.65   3637.08   3529.51   3421.95   3314.38   3206.81   3099.24   2991.67   2884.10   2776.53   2698.99   2621.46   2543.93   2466.40   2388.87   2311.33   2233.80   2179.59   2148.69   2117.79   2086.89   2055.99   2025.10   1994.20   1963.30   1994.20   2025.10   2055.99   2086.89   2117.79   2148.69   2179.59   2233.80   2311.33   2388.87   2466.40   2543.93   2621.46   2698.99   2776.53   2884.10   2991.67   3099.24   3206.81   3314.38   3421.95   3529.51   3637.08   3744.65 
  3774.69   3667.12   3559.55   3451.98   3344.41   3236.84   3129.27   3021.70   2914.13   2806.56   2698.99   2591.42   2513.89   2436.36   2358.83   2281.30   2203.76   2126.23   2048.70   2017.80   1986.90   1956.01   1925.11   1894.21   1863.31   1832.41   1863.31   1894.21   1925.11   1956.01   1986.90   2017.80   2048.70   2126.23   2203.76   2281.30   2358.83   2436.36   2513.89   2591.42   2698.99   2806.56   2914.13   3021.70   3129.27   3236.84   3344.41   3451.98   3559.55   3667.12 
  3697.16   3589.59   3482.02   3374.45   3266.88   3159.31   3051.74   2944.17   2836.60   2729.03   2621.46   2513.89   2406.32   2328.79   2251.26   2173.73   2096.19   2018.66   1941.13   1886.92   1856.02   1825.12   1794.22   1763.32   1732.43   1701.53   1732.43   1763.32   1794.22   1825.12   1856.02   1886.92   1941.13   2018.66   2096.19   2173.73   2251.26   2328.79   2406.32   2513.89   2621.46   2729.03   2836.60   2944.17   3051.74   3159.31   3266.88   3374.45   3482.02   3589.59 
  3642.95   3512.06   3404.49   3296.92   3189.35   3081.78   2974.21   2866.64   2759.07   2651.50   2543.93   2436.36   2328.79   2221.22   2143.69   2066.16   1988.63   1911.09   1833.56   1756.03   1725.13   1694.23   1663.33   1632.44   1601.54   1570.64   1601.54   1632.44   1663.33   1694.23   1725.13   1756.03   1833.56   1911.09   1988.63   2066.16   2143.69   2221.22   2328.79   2436.36   2543.93   2651.50   2759.07   2866.64   2974.21   3081.78   3189.35   3296.92   3404.49   3512.06 
  3612.05   3481.16   3350.27   3219.39   3111.82   3004.25   2896.68   2789.11   2681.54   2573.97   2466.40   2358.83   2251.26   2143.69   2036.12   1958.59   1881.06   1803.52   1725.99   1648.46   1594.24   1563.35   1532.45   1501.55   1470.65   1439.75   1470.65   1501.55   1532.45   1563.35   1594.24   1648.46   1725.99   1803.52   1881.06   1958.59   2036.12   2143.69   2251.26   2358.83   2466.40   2573.97   2681.54   2789.11   2896.68   3004.25   3111.82   3219.39   3350.27   3481.16 
  3581.15   3450.26   3319.38   3188.49   3057.60   2926.72   2819.15   2711.58   2604.01   2496.44   2388.87   2281.30   2173.73   2066.16   1958.59   1851.02   1773.49   1695.95   1618.42   1540.89   1463.36   1432.46   1401.56   1370.66   1339.77   1308.87   1339.77   1370.66   1401.56   1432.46   1463.36   1540.89   1618.42   1695.95   1773.49   1851.02   1958.59   2066.16   2173.73   2281.30   2388.87   2496.44   2604.01   2711.58   2819.15   2926.72   3057.60   3188.49   3319.38   3450.26 
  3550.25   3419.36   3288.48   3157.59   3026.70   2895.82   2764.93   2634.04   2526.47   2418.90   2311.33   2203.76   2096.19   1988.63   1881.06   1773.49   1665.92   1588.38   1510.85   1433.32   1355.79   1301.57   1270.67   1239.78   1208.88   1177.98   1208.88   1239.78   1270.67   1301.57   1355.79   1433.32   1510.85   1588.38   1665.92   1773.49   1881.06   1988.63   2096.19   2203.76   2311.33   2418.90   2526.47   2634.04   2764.93   2895.82   3026.70   3157.59   3288.48   3419.36 
  3519.35   3388.47   3257.58   3126.69   2995.81   2864.92   2734.03   2603.15   2472.26   2341.37   2233.80   2126.23   2018.66   1911.09   1803.52   1695.95   1588.38   1480.81   1403.28   1325.75   1248.22   1170.69   1139.79   1108.89   1077.99   1047.09   1077.99   1108.89   1139.79   1170.69   1248.22   1325.75   1403.28   1480.81   1588.38   1695.95   1803.52   1911.09   2018.66   2126.23   2233.80   2341.37   2472.26   2603.15   2734.03   2864.92   2995.81   3126.69   3257.58   3388.47 
  3488.45   3357.57   3226.68   3095.79   2964.91   2834.02   2703.13   2572.25   2441.36   2310.47   2179.59   2048.70   1941.13   1833.56   1725.99   1618.42   1510.85   1403.28   1295.71   1218.18   1140.65   1063.12   1008.90   978.00   947.11   916.21   947.11   978.00   1008.90   1063.12   1140.65   1218.18   1295.71   1403.28   1510.85   1618.42   1725.99   1833.56   1941.13   2048.70   2179.59   2310.47   2441.36   2572.25   2703.13   2834.02   2964.91   3095.79   3226.68   3357.57 
  3457.56   3326.67   3195.78   3064.90   2934.01   2803.12   2672.24   2541.35   2410.46   2279.58   2148.69   2017.80   1886.92   1756.03   1648.46   1540.89   1433.32   1325.75   1218.18   1110.61   1033.08   955.55   878.01   847.12   816.22   785.32   816.22   847.12   878.01   955.55   1033.08   1110.61   1218.18   1325.75   1433.32   1540.89   1648.46   1756.03   1886.92   2017.80   2148.69   2279.58   2410.46   2541.35   2672.24   2803.12   2934.01   3064.90   3195.78   3326.67 
  3426.66   3295.77   3164.88   3034.00   2903.11   2772.22   2641.34   2510.45   2379.56   2248.68   2117.79   1986.90   1856.02   1725.13   1594.24   1463.36   1355.79   1248.22   1140.65   1033.08   925.51   847.98   770.44   716.23   685.33   654.43   685.33   716.23   770.44   847.98   925.51   1033.08   1140.65   1248.22   1355.79   1463.36   1594.24   1725.13   1856.02   1986.90   2117.79   2248.68   2379.56   2510.45   2641.34   2772.22   2903.11   3034.00   3164.88   3295.77 
  3395.76   3264.87   3133.99   3003.10   2872.21   2741.33   2610.44   2479.55   2348.67   2217.78   2086.89   1956.01   1825.12   1694.23   1563.35   1432.46   1301.57   1170.69   1063.12   955.55   847.98   740.41   662.88   585.34   554.44   523.55   554.44   585.34   662.88   740.41   847.98   955.55   1063.12   1170.69   1301.57   1432.46   1563.35   1694.23   1825.12   1956.01   2086.89   2217.78   2348.67   2479.55   2610.44   2741.33   2872.21   3003.10   3133.99   3264.87 
  3364.86   3233.98   3103.09   2972.20   2841.32   2710.43   2579.54   2448.66   2317.77   2186.88   2055.99   1925.11   1794.22   1663.33   1532.45   1401.56   1270.67   1139.79   1008.90   878.01   770.44   662.88   555.31   477.77   423.56   392.66   423.56   477.77   555.31   662.88   770.44   878.01   1008.90   1139.79   1270.67   1401.56   1532.45   1663.33   1794.22   1925.11   2055.99   2186.88   2317.77   2448.66   2579.54   2710.43   2841.32   2972.20   3103.09   3233.98 
  3333.96   3203.08   3072.19   2941.30   2810.42   2679.53   2548.64   2417.76   2286.87   2155.98   2025.10   1894.21   1763.32   1632.44   1501.55   1370.66   1239.78   1108.89   978.00   847.12   716.23   585.34   477.77   370.20   292.67   261.77   292.67   370.20   477.77   585.34   716.23   847.12   978.00   1108.89   1239.78   1370.66   1501.55   1632.44   1763.32   1894.21   2025.10   2155.98   2286.87   2417.76   2548.64   2679.53   2810.42   2941.30   3072.19   3203.08 
  3303.07   3172.18   3041.29   2910.41   2779.52   2648.63   2517.75   2386.86   2255.97   2125.09   1994.20   1863.31   1732.43   1601.54   1470.65   1339.77   1208.88   1077.99   947.11   816.22   685.33   554.44   423.56   292.67   185.10   130.89   185.10   292.67   423.56   554.44   685.33   816.22   947.11   1077.99   1208.88   1339.77   1470.65   1601.54   1732.43   1863.31   1994.20   2125.09   2255.97   2386.86   2517.75   2648.63   2779.52   2910.41   3041.29   3172.18 
  3272.17   3141.28   3010.39   2879.51   2748.62   2617.73   2486.85   2355.96   2225.07   2094.19   1963.30   1832.41   1701.53   1570.64   1439.75   1308.87   1177.98   1047.09   916.21   785.32   654.43   523.55   392.66   261.77   130.89    0.00   130.89   261.77   392.66   523.55   654.43   785.32   916.21   1047.09   1177.98   1308.87   1439.75   1570.64   1701.53   1832.41   1963.30   2094.19   2225.07   2355.96   2486.85   2617.73   2748.62   2879.51   3010.39   3141.28 
  3303.07   3172.18   3041.29   2910.41   2779.52   2648.63   2517.75   2386.86   2255.97   2125.09   1994.20   1863.31   1732.43   1601.54   1470.65   1339.77   1208.88   1077.99   947.11   816.22   685.33   554.44   423.56   292.67   185.10   130.89   185.10   292.67   423.56   554.44   685.33   816.22   947.11   1077.99   1208.88   1339.77   1470.65   1601.54   1732.43   1863.31   1994.20   2125.09   2255.97   2386.86   2517.75   2648.63   2779.52   2910.41   3041.29   3172.18 
  3333.96   3203.08   3072.19   2941.30   2810.42   2679.53   2548.64   2417.76   2286.87   2155.98   2025.10   1894.21   1763.32   1632.44   1501.55   1370.66   1239.78   1108.89   978.00   847.12   716.23   585.34   477.77   370.20   292.67   261.77   292.67   370.20   477.77   585.34   716.23   847.12   978.00   1108.89   1239.78   1370.66   1501.55   1632.44   1763.32   1894.21   2025.10   2155.98   2286.87   2417.76   2548.64   2679.53   2810.42   2941.30   3072.19   3203.08 
  3364.86   3233.98   3103.09   2972.20   2841.32   2710.43   2579.54   2448.66   2317.77   2186.88   2055.99   1925.11   1794.22   1663.33   1532.45   1401.56   1270.67   1139.79   1008.90   878.01   770.44   662.88   555.31   477.77   423.56   392.66   423.56   477.77   555.31   662.88   770.44   878.01   1008.90   1139.79   1270.67   1401.56   1532.45   1663.33   1794.22   1925.11   2055.99   2186.88   2317.77   2448.66   2579.54   2710.43   2841.32   2972.20   3103.09   3233.98 
  3395.76   3264.87   3133.99   3003.10   2872.21   2741.33   2610.44   2479.55   2348.67   2217.78   2086.89   1956.01   1825.12   1694.23   1563.35   1432.46   1301.57   1170.69   1063.12   955.55   847.98   740.41   662.88   585.34   554.44   523.55   554.44   585.34   662.88   740.41   847.98   955.55   1063.12   1170.69   1301.57   1432.46   1563.35   1694.23   1825.12   1956.01   2086.89   2217.78   2348.67   2479.55   2610.44   2741.33   2872.21   3003.10   3133.99   3264.87 
  3426.66   3295.77   3164.88   3034.00   2903.11   2772.22   2641.34   2510.45   2379.56   2248.68   2117.79   1986.90   1856.02   1725.13   1594.24   1463.36   1355.79   1248.22   1140.65   1033.08   925.51   847.98   770.44   716.23   685.33   654.43   685.33   716.23   770.44   847.98   925.51   1033.08   1140.65   1248.22   1355.79   1463.36   1594.24   1725.13   1856.02   1986.90   2117.79   2248.68   2379.56   2510.45   2641.34   2772.22   2903.11   3034.00   3164.88   3295.77 
  3457.56   3326.67   3195.78   3064.90   2934.01   2803.12   2672.24   2541.35   2410.46   2279.58   2148.69   2017.80   1886.92   1756.03   1648.46   1540.89   1433.32   1325.75   1218.18   1110.61   1033.08   955.55   878.01   847.12   816.22   785.32   816.22   847.12   878.01   955.55   1033.08   1110.61   1218.18   1325.75   1433.32   1540.89   1648.46   1756.03   1886.92   2017.80   2148.69   2279.58   2410.46   2541.35   2672.24   2803.12   2934.01   3064.90   3195.78   3326.67 
  3488.45   3357.57   3226.68   3095.79   2964.91   2834.02   2703.13   2572.25   2441.36   2310.47   2179.59   2048.70   1941.13   1833.56   1725.99   1618.42   1510.85   1403.28   1295.71   1218.18   1140.65   1063.12   1008.90   978.00   947.11   916.21   947.11   978.00   1008.90   1063.12   1140.65   1218.18   1295.71   1403.28   1510.85   1618.42   1725.99   1833.56   1941.13   2048.70   2179.59   2310.47   2441.36   2572.25   2703.13   2834.02   2964.91   3095.79   3226.68   3357.57 
  3519.35   3388.47   3257.58   3126.69   2995.81   2864.92   2734.03   2603.15   2472.26   2341.37   2233.80   2126.23   2018.66   1911.09   1803.52   1695.95   1588.38   1480.81   1403.28   1325.75   1248.22   1170.69   1139.79   1108.89   1077.99   1047.09   1077.99   1108.89   1139.79   1170.69   1248.22   1325.75   1403.28   1480.81   1588.38   1695.95   1803.52   1911.09   2018.66   2126.23   2233.80   2341.37   2472.26   2603.15   2734.03   2864.92   2995.81   3126.69   3257.58   3388.47 
  3550.25   3419.36   3288.48   3157.59   3026.70   2895.82   2764.93   2634.04   2526.47   2418.90   2311.33   2203.76   2096.19   1988.63   1881.06   1773.49   1665.92   1588.38   1510.85   1433.32   1355.79   1301.57   1270.67   1239.78   1208.88   1177.98   1208.88   1239.78   1270.67   1301.57   1355.79   1433.32   1510.85   1588.38   1665.92   1773.49   1881.06   1988.63   2096.19   2203.76   2311.33   2418.90   2526.47   2634.04   2764.93   2895.82   3026.70   3157.59   3288.48   3419.36 
  3581.15   3450.26   3319.38   3188.49   3057.60   2926.72   2819.15   2711.58   2604.01   2496.44   2388.87   2281.30   2173.73   2066.16   1958.59   1851.02   1773.49   1695.95   1618.42   1540.89   1463.36   1432.46   1401.56   1370.66   1339.77   1308.87   1339.77   1370.66   1401.56   1432.46   1463.36   1540.89   1618.42   1695.95   1773.49   1851.02   1958.59   2066.16   2173.73   2281.30   2388.87   2496.44   2604.01   2711.58   2819.15   2926.72   3057.60   3188.49   3319.38   3450.26 
  3612.05   3481.16   3350.27   3219.39   3111.82   3004.25   2896.68   2789.11   2681.54   2573.97   2466.40   2358.83   2251.26   2143.69   2036.12   1958.59   1881.06   1803.52   1725.99   1648.46   1594.24   1563.35   1532.45   1501.55   1470.65   1439.75   1470.65   1501.55   1532.45   1563.35   1594.24   1648.46   1725.99   1803.52   1881.06   1958.59   2036.12   2143.69   2251.26   2358.83   2466.40   2573.97   2681.54   2789.11   2896.68   3004.25   3111.82   3219.39   3350.27   3481.16 
  3642.95   3512.06   3404.49   3296.92   3189.35   3081.78   2974.21   2866.64   2759.07   2651.50   2543.93   2436.36   2328.79   2221.22   2143.69   2066.16   1988.63   1911.09   1833.56   1756.03   1725.13   1694.23   1663.33   1632.44   1601.54   1570.64   1601.54   1632.44   1663.33   1694.23   1725.13   1756.03   1833.56   1911.09   1988.63   2066.16   2143.69   2221.22   2328.79   2436.36   2543.93   2651.50   2759.07   2866.64   2974.21   3081.78   3189.35   3296.92   3404.49   3512.06 
  3697.16   3589.59   3482.02   3374.45   3266.88   3159.31   3051.74   2944.17   2836.60   2729.03   2621.46   2513.89   2406.32   2328.79   2251.26   2173.73   2096.19   2018.66   1941.13   1886.92   1856.02   1825.12   1794.22   1763.32   1732.43   1701.53   1732.43   1763.32   1794.22   1825.12   1856.02   1886.92   1941.13   2018.66   2096.19   2173.73   2251.26   2328.79   2406.32   2513.89   2621.46   2729.03   2836.60   2944.17   3051.74   3159.31   3266.88   3374.45   3482.02   3589.59 
  3774.69   3667.12   3559.55   3451.98   3344.41   3236.84   3129.27   3021.70   2914.13   2806.56   2698.99   2591.42   2513.89   2436.36   2358.83   2281.30   2203.76   2126.23   2048.70   2017.80   1986.90   1956.01   1925.11   1894.21   1863.31   1832.41   1863.31   1894.21   1925.11   1956.01   1986.90   2017.80   2048.70   2126.23   2203.76   2281.30   2358.83   2436.36   2513.89   2591.42   2698.99   2806.56   2914.13   3021.70   3129.27   3236.84   3344.41   3451.98   3559.55   3667.12 
  3852.22   3744.65   3637.08   3529.51   3421.95   3314.38   3206.81   3099.24   2991.67   2884.10   2776.53   2698.99   2621.46   2543.93   2466.40   2388.87   2311.33   2233.80   2179.59   2148.69   2117.79   2086.89   2055.99   2025.10   1994.20   1963.30   1994.20   2025.10   2055.99   2086.89   2117.79   2148.69   2179.59   2233.80   2311.33   2388.87   2466.40   2543.93   2621.46   2698.99   2776.53   2884.10   2991.67   3099.24   3206.81   3314.38   3421.95   3529.51   3637.08   3744.65 
  3929.76   3822.19   3714.62   3607.05   3499.48   3391.91   3284.34   3176.77   3069.20   2961.63   2884.10   2806.56   2729.03   2651.50   2573.97   2496.44   2418.90   2341.37   2310.47   2279.58   2248.68   2217.78   2186.88   2155.98   2125.09   2094.19   2125.09   2155.98   2186.88   2217.78   2248.68   2279.58   2310.47   2341.37   2418.90   2496.44   2573.97   2651.50   2729.03   2806.56   2884.10   2961.63   3069.20   3176.77   3284.34   3391.91   3499.48   3607.05   3714.62   3822.19 
  4007.29   3899.72   3792.15   3684.58   3577.01   3469.44   3361.87   3254.30   3146.73   3069.20   2991.67   2914.13   2836.60   2759.07   2681.54   2604.01   2526.47   2472.26   2441.36   2410.46   2379.56   2348.67   2317.77   2286.87   2255.97   2225.07   2255.97   2286.87   2317.77   2348.67   2379.56   2410.46   2441.36   2472.26   2526.47   2604.01   2681.54   2759.07   2836.60   2914.13   2991.67   3069.20   3146.73   3254.30   3361.87   3469.44   3577.01   3684.58   3792.15   3899.72 
  4084.82   3977.25   3869.68   3762.11   3654.54   3546.97   3439.40   3331.83   3254.30   3176.77   3099.24   3021.70   2944.17   2866.64   2789.11   2711.58   2634.04   2603.15   2572.25   2541.35   2510.45   2479.55   2448.66   2417.76   2386.86   2355.96   2386.86   2417.76   2448.66   2479.55   2510.45   2541.35   2572.25   2603.15   2634.04   2711.58   2789.11   2866.64   2944.17   3021.70   3099.24   3176.77   3254.30   3331.83   3439.40   3546.97   3654.54   3762.11   3869.68   3977.25 
  4162.35   4054.78   3947.21   3839.64   3732.07   3624.50   3516.93   3439.40   3361.87   3284.34   3206.81   3129.27   3051.74   2974.21   2896.68   2819.15   2764.93   2734.03   2703.13   2672.24   2641.34   2610.44   2579.54   2548.64   2517.75   2486.85   2517.75   2548.64   2579.54   2610.44   2641.34   2672.24   2703.13   2734.03   2764.93   2819.15   2896.68   2974.21   3051.74   3129.27   3206.81   3284.34   3361.87   3439.40   3516.93   3624.50   3732.07   3839.64   3947.21   4054.78 
  4239.88   4132.31   4024.74   3917.17   3809.60   3702.03   3624.50   3546.97   3469.44   3391.91   3314.38   3236.84   3159.31   3081.78   3004.25   2926.72   2895.82   2864.92   2834.02   2803.12   2772.22   2741.33   2710.43   2679.53   2648.63   2617.73   2648.63   2679.53   2710.43   2741.33   2772.22   2803.12   2834.02   2864.92   2895.82   2926.72   3004.25   3081.78   3159.31   3236.84   3314.38   3391.91   3469.44   3546.97   3624.50   3702.03   3809.60   3917.17   4024.74   4132.31 
  4317.42   4209.85   4102.28   3994.71   3887.14   3809.60   3732.07   3654.54   3577.01   3499.48   3421.95   3344.41   3266.88   3189.35   3111.82   3057.60   3026.70   2995.81   2964.91   2934.01   2903.11   2872.21   2841.32   2810.42   2779.52   2748.62   2779.52   2810.42   2841.32   2872.21   2903.11   2934.01   2964.91   2995.81   3026.70   3057.60   3111.82   3189.35   3266.88   3344.41   3421.95   3499.48   3577.01   3654.54   3732.07   3809.60   3887.14   3994.71   4102.28   4209.85 
  4394.95   4287.38   4179.81   4072.24   3994.71   3917.17   3839.64   3762.11   3684.58   3607.05   3529.51   3451.98   3374.45   3296.92   3219.39   3188.49   3157.59   3126.69   3095.79   3064.90   3034.00   3003.10   2972.20   2941.30   2910.41   2879.51   2910.41   2941.30   2972.20   3003.10   3034.00   3064.90   3095.79   3126.69   3157.59   3188.49   3219.39   3296.92   3374.45   3451.98   3529.51   3607.05   3684.58   3762.11   3839.64   3917.17   3994.71   4072.24   4179.81   4287.38 
  4472.48   4364.91   4257.34   4179.81   4102.28   4024.74   3947.21   3869.68   3792.15   3714.62   3637.08   3559.55   3482.02   3404.49   3350.27   3319.38   3288.48   3257.58   3226.68   3195.78   3164.88   3133.99   3103.09   3072.19   3041.29   3010.39   3041.29   3072.19   3103.09   3133.99   3164.88   3195.78   3226.68   3257.58   3288.48   3319.38   3350.27   3404.49   3482.02   3559.55   3637.08   3714.62   3792.15   3869.68   3947.21   4024.74   4102.28   4179.81   4257.34   4364.91 
  4550.01   4442.44   4364.91   4287.38   4209.85   4132.31   4054.78   3977.25   3899.72   3822.19   3744.65   3667.12   3589.59   3512.06   3481.16   3450.26   3419.36   3388.47   3357.57   3326.67   3295.77   3264.87   3233.98   3203.08   3172.18   3141.28   3172.18   3203.08   3233.98   3264.87   3295.77   3326.67   3357.57   3388.47   3419.36   3450.26   3481.16   3512.06   3589.59   3667.12   3744.65   3822.19   3899.72   3977.25   4054.78   4132.31   4209.85   4287.38   4364.91   4442.44 
